"CartLineID","Customers_T_CustomerID","Products_T_ProductID","Quantity"
3,26977,135676,196
2,1319,424825,139
2,31890,9396,63
3,46088,423820,15
4,23061,338600,279
5,29705,405438,7
4,21739,309394,184
2,24268,134753,200
5,19577,387672,108
4,35233,303326,215
1,14999,348643,15
4,32842,389955,136
3,49211,379160,51
3,39032,412435,221
5,14542,476372,173
4,9162,364735,279
4,23829,57790,147
4,3844,280447,201
5,9541,312799,117
5,36315,105929,135
4,42836,196890,44
2,34971,451881,124
5,14405,198014,180
1,31303,4942,245
1,9708,388672,117
1,3036,209570,244
4,24769,444790,19
2,7554,368764,44
1,48196,47281,203
5,19081,494598,13
4,35932,195147,92
3,41861,234979,91
4,13036,397235,43
5,43986,107593,29
5,25587,398491,291
2,15708,349539,148
3,39961,117419,128
3,47617,20024,29
4,38697,400564,131
1,36844,100593,259
5,22014,158880,87
5,29027,457739,75
3,3989,418911,140
3,27990,84345,113
5,14732,235150,9
2,10245,55328,147
5,45410,458007,125
1,6840,366973,109
1,3111,230028,80
4,21107,298446,68
4,36620,186854,153
2,41846,53426,197
1,9323,205683,37
3,39924,54931,75
5,38482,433914,33
5,9897,192729,168
5,27723,43459,116
2,44325,268043,245
5,10892,198630,164
4,33896,410060,67
3,35210,50894,131
2,43231,38935,216
2,32238,21891,159
1,38259,75032,229
5,5613,354692,181
2,29041,30870,175
5,19665,248115,271
5,32675,260159,276
5,45286,59414,21
5,24921,360446,135
4,15400,364051,119
1,44252,378367,32
2,807,461557,89
1,33187,309427,9
4,49532,197475,104
2,4441,312493,23
2,21838,320598,147
3,29606,158261,51
4,44160,316800,223
4,6511,109642,181
2,31774,131934,67
3,37774,142006,3
1,20571,2966,197
4,3187,499093,249
4,42597,280253,165
1,12205,283769,264
1,43322,98117,192
4,31394,495022,289
4,48051,440394,56
3,3932,257582,95
3,31261,337409,269
5,26456,145436,64
3,3194,284752,69
5,28571,224374,273
1,13142,193500,44
2,29721,161484,177
4,22998,4388,89
3,2227,470947,169
5,1862,269910,120
2,20574,297247,125
4,13829,293166,76
2,11342,144656,125
3,33076,398194,137
1,6709,420599,128
2,17316,277326,191
5,17676,275144,37
3,5734,74015,195
2,30648,290591,151
4,46401,86173,284
1,43432,265414,41
2,26668,488028,231
5,32132,269874,140
3,14388,198522,176
4,48023,251745,21
4,23749,201856,64
3,41412,374678,233
4,31901,258571,267
5,48149,395748,73
2,26720,163893,21
4,15271,395351,269
2,220,450957,160
5,1573,494096,135
3,29937,99731,216
2,24260,37960,161
4,26287,481412,260
4,20735,332480,225
1,29031,190512,229
4,4356,344129,92
5,34953,218873,243
1,9014,309239,193
1,41747,432286,48
5,45604,318444,209
5,38901,52929,103
3,21345,342820,181
1,4406,256482,57
2,17874,142795,205
3,43004,495794,40
2,12230,392513,123
4,10572,78768,223
2,19883,169859,57
2,29357,204579,175
5,46254,451068,208
1,36904,152296,109
1,19473,489675,51
1,18328,479874,276
5,49572,132368,225
3,31843,61881,284
4,23637,180233,169
4,45892,478643,249
4,15050,412897,139
5,6904,40459,128
3,1570,344277,225
5,49728,375157,99
4,22427,448287,52
4,38028,216859,60
5,18824,374580,121
3,24760,438812,115
4,37122,313835,231
3,45562,281556,13
4,17616,99355,216
2,41508,36343,43
1,30057,368809,180
2,18250,304087,153
4,37741,113727,41
2,18007,89151,128
4,39625,344853,201
4,30397,182899,139
3,22495,208146,91
2,6755,444348,92
3,40279,24849,219
2,35916,464762,81
4,12295,403001,32
5,49729,178999,103
2,45578,63400,127
1,14185,281475,240
1,31667,193005,207
5,18252,234435,3
3,787,140560,67
2,43610,169213,71
4,27680,376481,49
4,10874,159914,143
2,9128,86232,109
3,21855,127073,288
3,42983,60291,235
2,22550,498778,225
2,23001,419909,155
1,34829,118805,44
1,48799,439623,284
4,19027,286006,28
2,23999,490366,56
3,18401,347153,160
3,22683,354645,163
3,41625,12352,260
4,32157,171894,253
4,20629,62802,265
5,9673,357478,139
4,40045,302140,9
2,11472,203871,261
3,4345,229709,288
2,39907,450981,137
3,36006,28827,163
1,6809,339746,136
3,19251,297668,296
2,31388,376376,236
3,10455,196880,164
5,12294,222227,209
2,46768,131672,256
3,48995,298241,104
5,22177,420209,124
5,4090,219103,291
3,15259,115569,73
5,656,490337,248
1,31555,39857,193
3,8634,13877,240
2,5802,43318,93
1,8000,443259,171
4,32242,190544,268
3,30137,39004,284
1,162,177750,200
4,16754,482785,121
1,17822,200349,192
4,7906,230308,281
1,36814,203665,269
4,28752,424251,221
4,27186,362559,208
2,39699,43749,133
4,43747,188852,137
2,23346,307107,139
5,31428,78710,201
2,23549,32870,79
1,14151,307111,188
1,12896,197131,244
4,2680,392859,177
1,43374,463054,136
4,35258,469040,240
2,13174,328171,39
3,40387,95994,199
1,9067,279972,245
5,20625,119270,77
2,36568,20283,233
2,49901,487531,128
3,15300,84860,165
5,49103,347090,240
1,39042,37150,13
5,25506,294181,89
1,46232,442520,275
5,48860,428773,28
2,37074,358465,65
5,43006,128652,233
4,47020,227584,77
3,46251,146591,27
1,2581,166079,260
3,6201,16522,275
5,26181,210965,183
5,7118,380149,36
3,9660,238906,29
4,24883,23873,175
3,42069,455012,103
2,19164,481521,72
1,33304,354152,275
1,8619,479115,32
2,20175,127901,76
4,38854,317620,253
1,37454,376653,115
1,20031,121981,27
4,45822,349690,125
1,9476,44358,232
1,44444,182374,151
5,41613,152379,128
5,24759,390433,61
1,37593,339844,256
1,22189,134231,257
5,42580,367973,159
2,42744,217662,107
4,48482,19467,240
5,29914,25902,123
2,48212,233946,92
3,4260,451659,200
2,23628,355032,145
2,21640,389012,220
5,41646,337217,187
5,33683,367772,135
4,22202,167981,125
1,7445,155446,192
5,15830,417233,137
5,3863,248451,225
2,45242,108074,151
3,7918,296926,12
4,2795,96654,56
3,37610,308866,111
5,22571,414387,57
5,15685,340817,168
2,42234,432928,67
3,44151,263752,244
3,18661,306656,140
5,23314,413624,84
2,19773,34169,1
3,44168,465918,280
1,10509,337073,37
3,41929,100840,264
3,10711,394061,87
4,11110,224209,300
1,41814,210080,19
4,18326,13983,64
4,26138,200330,203
3,1128,106941,84
2,30755,116814,77
2,34639,342481,247
4,11834,225904,69
1,4793,247862,127
3,17204,36218,177
4,24645,218677,117
4,7580,116065,289
1,2397,102829,264
3,670,486396,173
5,6063,121852,156
3,22252,390181,263
5,43113,222581,56
3,4493,197302,225
1,18145,146861,92
5,17083,391556,231
5,38361,468147,9
1,26715,421254,39
1,47113,90289,247
3,45555,169270,100
4,35404,472421,196
2,31684,389174,43
1,44685,489524,80
3,2085,301691,115
4,20065,34836,149
4,6699,4786,196
4,41630,134656,121
5,29690,491076,211
2,10175,4433,44
5,8508,421389,29
1,604,250412,200
5,36941,44435,115
3,30351,487075,183
4,43299,459750,33
1,30659,346970,240
3,6276,486224,217
1,33557,411106,187
4,40405,75305,261
4,17532,173537,116
5,46574,63003,21
3,3335,132922,177
5,13305,62871,273
2,35879,480364,253
2,33565,390873,25
3,49495,134524,77
1,22581,122105,127
3,36982,197724,239
3,21285,209166,161
5,29458,4934,7
1,7479,344037,161
2,30755,298521,124
5,25831,367308,120
3,25029,157498,91
5,6204,185807,272
1,34152,202618,187
2,3523,31868,135
3,12269,337315,283
1,14340,63086,125
3,28649,217619,117
1,32143,243500,21
3,28384,360704,63
5,34834,473312,32
4,273,49643,300
1,37640,293069,4
4,13854,189284,289
4,25489,215389,283
1,26770,319583,120
5,7141,120808,177
2,37050,465662,201
4,26306,494258,244
4,31115,107983,123
5,19679,139460,121
3,26296,271794,85
5,7366,498967,285
4,27475,211451,243
4,21326,77300,264
2,40452,418601,99
5,27149,338268,173
5,44962,252339,43
5,48545,282618,260
1,34124,464653,213
2,12257,284284,25
3,49136,379145,209
4,45686,485407,172
4,367,398851,183
5,33298,346277,28
2,34657,487530,87
3,17967,102786,243
5,43155,471368,180
1,32978,267388,127
3,23902,314799,207
1,39712,27930,247
1,5477,128172,161
1,39081,26792,40
3,20530,481642,299
5,31726,297639,111
2,43244,258244,243
4,9970,214547,173
3,33013,316648,239
3,34940,5094,253
5,193,372184,135
1,22940,387438,85
5,13617,367432,125
3,33798,110877,243
4,4505,331697,25
3,15488,435072,151
1,35298,244668,52
3,1154,38859,276
3,10043,161422,157
3,19321,490343,156
5,3724,124074,168
1,8897,228222,204
4,8586,61466,148
1,25547,423780,83
5,7184,58570,56
5,12343,391315,52
5,31442,197427,169
1,38050,344411,300
2,40865,244574,180
1,33895,253324,173
4,2736,54266,155
3,6855,93864,13
2,40031,455277,56
5,14184,52678,31
3,4315,386381,180
3,41938,306553,76
3,47289,376635,289
5,15861,657,20
4,27421,7902,209
1,36695,477181,211
3,28365,54930,291
4,1263,341447,287
3,17554,442063,20
1,21292,25466,248
4,42138,383299,87
3,46017,77558,168
5,146,388383,7
1,14441,394720,100
3,16443,242299,85
3,34612,114563,175
4,42856,174276,23
4,1980,418555,4
4,36415,259056,211
4,32376,428281,220
4,14716,85844,11
2,8976,135872,95
4,28731,23027,65
5,21386,269739,79
2,3635,269900,280
1,1390,336943,155
3,18835,151950,97
4,41370,294314,299
4,38253,450653,92
2,11185,359305,101
3,47372,302192,77
5,9951,146912,120
3,46998,238792,243
5,12335,271531,255
3,48757,442095,111
4,47754,7866,212
5,10889,199015,119
1,13895,273040,68
5,11168,285058,245
3,35871,88306,1
1,46107,271372,91
2,9147,244147,213
1,23407,197501,159
1,15835,350837,47
4,38814,310223,8
5,1638,275070,139
4,34582,6304,253
5,34469,463000,161
1,23973,498543,141
3,11988,273397,267
3,42943,431027,241
4,40809,441150,112
3,44488,108534,31
2,25470,76745,236
1,18975,397499,191
1,31410,327008,269
3,23750,493064,223
2,22631,493274,244
4,27342,348645,91
5,1110,484798,275
1,20158,51216,77
4,30717,308459,108
1,36209,352170,140
3,35623,494218,95
4,43531,242380,252
3,6265,481553,13
1,32100,199000,57
1,44416,462109,289
4,23653,422961,172
5,27093,92497,283
1,44295,254809,284
2,32643,170047,125
4,16714,141924,209
5,31622,183791,181
5,20638,122012,197
4,43712,122802,24
2,11421,116431,27
5,45917,332403,80
2,6816,353964,259
2,49655,86366,176
3,39158,249068,105
5,4515,147643,103
1,21180,482101,289
3,18993,474178,67
5,26671,478057,280
3,20677,122210,81
3,3458,27036,199
2,6175,24330,275
5,48166,290235,189
2,47900,344933,137
4,47936,438431,181
5,34601,186048,239
4,34901,245853,99
1,41102,201396,255
2,16149,6661,73
1,9426,183548,297
5,2423,322562,224
4,28660,380553,188
2,26129,386811,27
4,17283,169748,137
3,10122,177508,88
2,26146,184418,1
3,9573,230761,37
5,39665,140589,181
3,30415,285688,68
2,5574,481174,227
3,27706,337227,123
3,33242,443507,227
2,2855,41604,235
1,7824,206869,217
4,30104,79888,195
1,26673,261265,52
4,4395,132940,288
3,37594,236084,73
5,14215,257262,209
3,4367,155667,157
4,21808,211155,176
4,20988,122766,204
3,27704,389562,273
3,14140,4264,280
1,11104,401604,33
2,22315,292826,233
5,46947,259594,91
5,18425,78839,55
1,5057,175789,288
4,33076,490409,193
5,12669,307973,91
4,35767,354434,93
2,43177,291921,167
1,48906,383244,28
1,24336,170485,165
3,25962,292109,271
3,46885,429904,189
4,30007,366348,180
2,8371,90354,33
5,49636,166674,101
3,43409,103942,275
4,38133,461077,103
5,36390,12438,191
4,35339,444893,280
5,28217,212944,19
1,1074,328091,143
3,17732,326451,235
2,35606,339185,51
1,47015,281627,89
1,25665,430993,128
5,16965,341048,64
5,5062,60328,60
2,32959,26127,92
2,31551,310401,119
1,3143,275530,60
1,34154,84006,73
1,29724,357786,64
2,4971,208719,175
2,26553,388105,197
1,45618,69444,257
1,9010,332336,267
3,28995,224075,117
4,44788,65357,257
3,24303,40554,112
2,44564,187556,265
3,7036,6129,108
2,21818,334773,248
2,16911,418327,87
5,9298,388628,123
4,39395,218239,244
1,15559,407493,172
3,19046,198932,236
3,38713,86202,123
5,31125,116868,159
5,5398,125634,136
5,6918,180013,167
3,21721,147574,60
4,37409,70143,255
5,32435,25935,299
5,8112,453747,120
5,49740,326662,291
1,30421,241037,97
3,44139,190031,37
3,40113,383878,261
5,14145,444947,52
2,37526,296784,299
4,3139,219143,133
5,25544,16456,276
3,6684,312408,201
2,46492,441677,148
3,47261,78409,23
3,476,248255,192
2,11564,316796,297
5,22499,436059,160
3,16793,53353,283
2,511,377566,60
3,2331,478543,125
5,15026,278147,280
5,43940,372221,127
4,1935,5831,39
5,26721,174554,195
2,43743,348094,173
3,28144,428526,121
1,12805,496675,260
3,32442,445079,100
4,31122,233011,272
4,32855,433146,252
5,33947,296884,243
5,2432,63468,239
3,35395,328804,63
1,38403,291458,143
5,34017,240100,300
2,22929,478545,80
4,39748,385433,172
2,42151,499430,112
4,24599,446081,119
1,43411,197957,179
1,34495,94284,151
1,9718,4234,8
2,8688,296895,220
1,17365,26846,216
1,31292,141140,71
1,7708,231258,56
4,43964,314613,255
2,13571,242230,93
1,40966,254868,56
3,44579,141096,96
2,24727,139835,161
1,49315,462353,229
2,6681,479286,115
3,42125,73406,229
2,4058,16928,173
3,15591,198564,39
2,6805,406494,131
1,26838,342884,204
1,602,343422,39
3,27193,363730,192
5,26004,129386,156
4,44395,248956,33
1,20828,198706,159
2,31460,77306,79
3,10865,355148,169
3,28598,405598,284
2,2625,435120,108
1,5996,380506,56
5,40962,8949,285
4,2535,44186,129
3,36947,314817,36
3,17317,37227,151
4,12870,53582,168
1,31987,368540,77
4,45214,3078,205
4,41813,16297,135
5,35833,36271,261
3,4859,472670,236
4,756,295210,105
3,41143,348377,185
1,35348,438417,201
2,24249,497810,147
4,24016,422189,59
2,39842,246832,288
2,29875,22569,39
2,17443,47094,75
2,9442,60806,276
5,11202,167372,277
3,11367,442211,247
1,9258,247616,265
4,16792,96740,31
5,35868,66625,300
2,15794,161945,68
2,11073,211419,31
4,49270,150590,203
1,31847,133724,209
4,34532,392942,288
2,14850,118053,152
2,26032,490233,232
5,15762,192410,113
3,29710,34649,125
1,24515,366858,208
3,6565,426001,121
1,8004,227972,80
3,31224,364059,255
1,19596,167821,217
5,20240,451932,43
2,44122,59169,176
2,23005,20257,123
2,33169,410418,145
5,24951,484506,203
3,37346,191406,184
4,49877,232557,132
1,22185,340983,25
4,30630,316263,177
1,30796,112101,157
1,19388,27125,109
5,12552,40095,203
2,14693,416787,117
3,3631,284141,153
1,28765,365331,152
2,23530,319945,217
1,21901,265830,140
1,46648,141042,148
2,21371,284400,192
2,4879,498293,243
5,3005,239341,64
3,13645,301246,139
2,20311,181969,212
5,36833,414477,157
2,19709,340870,229
3,21986,395700,293
4,46591,382016,147
2,9918,287693,133
1,17756,2734,45
1,25319,493723,96
3,14543,174173,181
3,46038,481615,125
5,43659,148668,247
2,5067,111166,21
2,21872,190415,231
3,26095,272765,195
4,3833,317873,247
1,4428,22341,255
2,8343,45931,69
3,18714,123115,275
5,38655,425826,300
1,37360,367942,13
3,23423,23924,193
1,31867,225458,149
2,19448,312978,40
1,47676,69859,155
2,35300,101397,47
4,27744,452832,73
4,36027,371571,288
3,11558,427041,167
4,48380,385354,209
2,4898,314590,105
2,32172,378960,221
2,8373,158238,300
4,44455,110548,27
5,6601,32886,197
4,5936,197623,269
2,20403,383089,27
2,48966,396912,88
3,26937,390169,271
3,17074,98592,157
5,15519,485996,20
5,36309,115160,85
1,7178,2928,43
2,19215,82570,285
2,49003,162309,241
5,43967,80103,200
3,448,314293,239
2,8987,275175,292
5,24787,450785,169
5,39834,53092,129
5,42056,328894,188
2,24141,187004,247
1,33965,327796,83
3,7685,343181,168
2,30953,339608,88
3,33654,36300,216
3,1103,320594,295
5,48302,336561,129
1,15148,139278,295
1,34013,428033,80
5,5058,123472,91
5,2318,286356,105
4,26977,270157,183
4,46912,478051,85
4,7573,20955,104
4,4633,381187,260
4,12412,83538,100
2,21934,261972,77
5,45483,86978,188
4,15693,412782,35
3,28544,29935,97
5,41233,183703,156
3,22273,308533,197
4,18181,30699,175
2,11756,276646,183
2,1838,172597,69
2,36251,209876,176
3,27559,400237,135
4,49453,128247,108
2,31903,319489,181
4,48250,217348,240
1,42142,292370,167
3,8838,22041,88
5,23592,53922,87
1,39230,191288,263
3,5560,33339,105
5,32131,88343,119
2,41486,181645,191
4,8781,408529,209
4,39771,466274,252
5,750,150397,143
3,28563,110570,172
2,41613,394372,281
3,28307,5273,265
1,21836,139660,223
4,37300,384625,188
1,19583,142815,164
2,9409,263805,275
2,9829,320819,137
3,9581,369278,43
2,24582,60744,253
2,33811,111334,203
2,12616,289904,135
1,29232,466749,95
1,13002,86261,215
3,34242,430454,275
1,29585,52782,112
5,24365,113614,119
5,15702,286333,140
1,38967,250086,33
1,2570,452570,3
5,4723,226990,193
5,19129,83217,193
4,11873,334981,99
4,33037,425871,271
5,17037,269731,257
3,42590,98909,43
2,40642,48044,81
3,35212,444926,300
4,9941,114874,85
1,28634,325892,21
3,33499,338521,176
2,9161,223960,140
5,33524,319194,103
4,6322,366707,157
1,14007,446505,84
3,42294,325329,143
1,183,218876,73
5,43575,495602,89
5,35583,11509,4
4,41573,492292,108
5,12802,6368,249
4,27899,266610,227
4,18073,107363,143
4,48393,85286,239
2,37392,306008,115
5,30432,193613,237
2,10230,272879,223
3,3374,498435,57
3,19547,31179,17
2,43722,182617,231
5,24417,375808,219
2,13150,126825,84
1,345,477508,237
5,585,227943,93
2,34125,408687,259
2,34242,184387,84
3,3631,26716,224
2,15165,438017,289
3,13082,280759,64
3,23301,96010,163
3,28892,300246,40
3,37392,382191,145
5,39905,484482,184
4,7615,42158,83
4,14389,494205,148
1,45158,461605,15
2,19818,461213,109
3,42387,359974,240
4,40917,340771,283
4,6041,47823,268
4,30438,70731,109
4,11492,143462,176
1,11119,412205,156
2,15386,412522,181
5,29181,277063,275
3,17833,11865,11
2,3250,22024,56
2,48000,57004,181
4,10163,77307,136
5,29547,477376,205
4,16572,299919,164
5,5573,205584,271
4,19555,452394,31
4,9424,265993,83
3,16428,470920,128
4,29731,494083,225
4,29867,279830,161
2,11517,247266,141
3,9375,64869,277
4,24915,326901,77
3,13554,18827,213
1,17476,222811,29
3,34762,48529,73
4,39393,375678,45
1,38074,472897,136
4,17809,143743,20
2,35371,259181,4
5,43386,402829,260
2,45480,400875,61
5,21402,43428,220
3,44814,467687,137
4,638,262755,260
1,7398,118869,151
2,46716,392187,193
3,15110,18129,165
2,6650,63420,237
2,14801,199115,145
4,34255,342267,237
5,39739,32338,191
1,12968,308704,223
5,48675,431552,149
1,41262,70992,103
1,41379,64679,180
3,10882,237561,3
1,4993,392808,57
5,32245,138266,131
4,25194,230804,124
2,7232,30310,75
1,30506,11746,259
1,22344,476472,208
4,45351,195217,45
1,1134,164153,235
4,25346,385573,151
2,30700,162891,196
3,7797,12766,179
2,47231,200664,69
3,32073,436544,91
2,42284,131392,59
3,38165,352307,248
5,13910,484678,245
3,23874,437449,124
4,13831,67651,211
4,42422,487158,76
2,15143,59589,131
1,36231,435959,133
2,45057,207687,235
5,23268,338191,36
4,38210,66146,128
2,46997,225165,256
5,5000,134147,153
4,25443,150617,48
4,11751,113496,175
1,8107,436781,215
2,46587,60243,121
4,16298,305896,80
4,23355,294606,41
1,46022,307663,239
2,12391,204048,205
1,10707,217483,184
1,9056,300863,149
4,21617,87995,259
3,23119,34059,55
5,29009,170016,72
5,5481,222274,25
1,17,324191,297
5,751,292069,264
1,46620,204655,12
1,28774,78216,152
4,17814,242666,48
1,13808,185896,167
5,31109,273929,200
5,45113,200607,231
5,47057,337813,40
4,9185,209771,260
4,4302,470433,53
3,32612,487433,29
3,30007,496926,172
5,29811,263905,164
3,32953,33142,177
3,43275,357174,11
3,30501,98123,105
3,17884,261593,104
4,46412,146880,249
5,7734,377213,105
3,18160,93394,269
4,35102,117928,83
1,2214,419080,171
3,36340,300994,37
1,8621,134092,233
3,23271,473860,89
2,41468,104583,180
1,14258,172894,220
4,23820,4738,73
5,44065,378090,85
1,27945,55886,267
2,13571,131215,204
4,2302,427796,101
2,33006,1425,225
2,40123,255701,19
5,46692,428843,169
5,12900,486653,273
3,2702,299263,259
5,26932,155894,93
4,41761,491056,183
4,28612,50752,187
3,566,47629,121
3,10718,281142,275
1,28683,35127,188
4,25370,421570,255
4,34622,258559,248
3,35701,337585,291
5,2818,479824,252
1,33251,201098,157
2,18667,341171,227
3,17777,445450,51
3,9188,437294,256
3,33882,301443,191
2,7081,176961,185
5,27055,320848,271
3,16103,148190,132
5,22936,470549,15
5,47121,246025,63
4,38017,158517,15
2,40713,290355,295
5,46701,213433,33
3,32128,280390,175
5,16681,360463,228
5,9636,336310,65
2,21700,446896,129
1,2628,356379,263
5,2180,450437,51
3,18848,8666,280
5,7870,280344,265
3,44264,479470,260
1,31450,428898,36
2,37031,491048,272
4,47888,341127,159
2,34430,93609,3
3,20602,70699,229
5,30913,234350,15
5,21077,56586,228
4,24888,32744,219
1,1323,33234,181
3,1214,26032,33
2,35148,22694,185
2,37809,370546,165
4,14836,296973,276
1,42516,126716,112
1,25607,176957,95
5,20875,141382,27
1,40139,272286,15
3,25784,198225,105
1,26260,37464,96
2,22223,478190,81
3,38868,464366,191
2,41949,19535,143
1,44700,406391,201
4,14692,21305,57
1,42420,448982,25
2,16804,138786,241
5,48646,312645,79
2,16035,282339,100
1,33652,131383,120
2,13646,255548,21
1,45828,143698,300
2,9637,192786,267
3,4591,188860,287
4,2288,71075,41
2,34804,109142,55
3,18813,88939,3
1,43313,319273,300
5,39875,118889,268
4,3174,208442,148
3,24615,471011,261
1,12599,457431,27
4,34493,9065,241
4,10115,181267,123
1,20074,63876,292
2,26374,320451,188
5,28718,134141,272
4,44580,374064,269
2,11820,61775,267
1,20985,367051,47
1,20849,171384,132
5,24703,414791,175
5,31054,148911,163
1,19730,459141,44
2,34511,377837,84
5,30350,230268,68
2,38309,247526,95
2,5947,319882,112
5,40960,470764,209
3,45980,450849,60
4,49201,70810,168
3,7670,263024,83
4,4488,453739,173
4,9815,443336,121
1,45453,29753,281
3,7842,183990,236
5,41866,305026,248
5,13542,349733,77
3,6512,123841,17
1,48842,417101,8
2,33469,288205,4
3,7440,78632,229
1,5976,383710,211
4,28999,490738,60
5,35848,186143,223
1,17305,199963,297
2,10057,255810,280
1,20252,122042,104
4,23469,420298,145
1,48166,5376,69
3,23707,462121,205
5,46347,47853,205
4,20866,447063,183
1,24765,50288,152
4,42438,413757,172
5,29378,474219,196
3,32614,198447,261
1,31321,390496,17
1,4569,357893,153
4,11857,414434,231
1,49543,237387,183
2,35353,11518,272
3,32963,82113,27
1,41656,275931,49
5,6888,33572,241
1,34573,174543,87
2,12135,191210,153
3,3399,444302,169
2,48102,416440,185
4,9834,27358,299
4,49664,408741,271
4,5376,245158,11
1,14124,464010,232
5,17935,376690,9
3,14310,258421,209
4,17225,111272,289
3,3598,38932,52
1,8246,130405,68
5,20438,398161,232
4,15366,108192,172
1,28439,218553,112
2,14740,79316,97
4,28047,165030,236
2,21526,272232,183
4,23558,229907,129
3,26442,447270,279
3,4721,252523,144
4,3143,288798,55
3,15757,187058,63
5,45919,386122,85
5,33684,48366,1
2,435,433841,299
3,5112,214051,117
5,37681,78469,11
2,4057,110438,97
4,417,190572,249
5,2848,26986,101
2,46410,158160,151
3,6946,115579,239
3,27347,409100,13
3,23725,128885,268
5,12619,385060,221
3,22554,78524,76
2,46675,374088,247
4,24261,162220,136
4,33322,133527,63
5,12448,496172,293
3,30183,106332,236
3,49081,117647,151
4,49782,348112,116
3,16309,198031,84
3,42475,6696,233
3,31862,232938,25
1,14272,382545,200
5,43727,85862,181
4,22819,479413,211
4,18874,164053,120
2,9514,424541,237
2,22995,37814,221
5,33735,125850,1
4,45987,133226,156
5,4542,54402,60
5,1295,244743,49
3,15449,419345,8
4,39684,111636,280
5,10321,130400,25
3,30921,401634,275
2,2764,485686,149
2,8631,130559,49
2,42328,370746,291
5,8806,291470,87
5,22480,106732,127
5,3237,132832,215
2,39413,194070,104
2,11180,491583,165
3,4061,57338,59
2,32586,351569,125
3,18557,322118,293
1,227,131197,57
1,8948,432617,177
2,19619,17453,208
2,21750,489570,269
2,23805,409969,16
1,17048,275407,292
5,48410,279946,289
4,416,433131,105
2,21043,455528,135
5,48494,153843,111
4,8215,390590,248
3,3521,386101,296
3,31910,268286,251
4,4898,51036,205
3,21563,117090,241
1,45774,15633,255
3,12769,197634,121
1,28648,322941,244
3,5258,359833,221
4,13766,124394,51
3,27124,52390,173
2,21896,87957,112
1,15637,339707,51
3,9867,389232,37
5,24874,484503,97
5,19662,397678,132
3,33157,194392,72
2,5383,380215,248
3,40202,272842,61
1,13032,156297,240
2,16136,355723,49
4,9102,104115,185
3,18935,240296,205
3,8161,450142,120
5,38973,41439,141
3,28344,38063,292
1,43626,364220,261
1,41676,333489,147
3,23302,35911,87
4,48806,275559,227
5,19007,48146,260
4,33276,60111,52
2,42339,174123,244
5,19126,476146,177
2,18046,324907,105
2,40869,266202,99
4,46021,13990,300
1,26209,437612,269
2,47471,491018,212
4,42371,395437,168
2,34537,147414,252
1,42475,152492,251
4,42983,190296,63
1,37163,106164,93
3,47358,37076,137
3,45155,220969,95
2,25068,15782,15
5,16973,113123,159
4,35571,470151,69
5,46860,390932,300
5,40944,36434,19
4,21953,391111,237
1,33245,483272,72
5,36731,398551,279
3,37307,349740,61
3,14702,120050,37
3,3529,411167,251
2,32336,436657,224
3,14904,66904,283
2,21675,392732,49
3,20204,75410,128
2,38161,312030,236
1,3514,31308,225
3,22708,378753,243
2,20621,86014,37
1,45935,211264,24
2,16398,435215,109
5,37059,122495,15
4,284,51894,83
3,49607,250331,69
4,19407,34306,23
4,11583,363121,16
4,48151,152484,107
4,1416,355026,188
2,24644,374690,289
2,32668,131892,247
1,39093,119367,36
2,20384,109153,161
2,19060,20561,57
2,23489,53205,239
1,17615,446375,53
1,13992,238739,11
2,21694,275527,80
5,41457,294638,100
2,24560,111104,39
3,44002,304714,293
5,831,27748,177
1,44217,281298,104
4,705,368590,200
1,22131,281895,233
3,4,348133,121
2,22990,7230,7
3,15028,492759,109
5,35295,283702,252
4,5862,221251,89
4,10439,466236,192
1,14035,42237,279
4,49795,373878,96
3,18498,438555,151
2,25475,428141,63
2,27946,77281,228
1,38631,352753,36
1,44833,100737,209
3,25543,27469,69
2,3121,170413,95
2,23040,360503,263
2,22112,83425,57
3,26661,371649,4
2,13850,200561,276
1,15125,477360,15
3,30075,379707,197
4,15649,369426,300
1,34908,40028,17
2,38858,249097,63
3,47154,316117,199
3,6249,256815,183
5,9667,464424,192
4,21122,322734,36
5,31732,233090,176
2,18987,64571,243
3,7192,276418,16
1,20996,317251,272
5,38689,400745,185
3,2118,445858,175
1,20930,392696,159
3,10712,128649,41
1,3520,181465,219
4,8602,484031,45
4,46546,211215,257
2,2138,441340,219
1,43481,278708,233
5,49973,259969,256
2,2384,437474,109
4,44460,165709,191
3,12759,80806,212
3,31709,333229,33
1,34793,39576,192
5,2329,141529,143
4,12308,355917,220
5,31148,56853,7
3,32626,11080,133
2,13958,105922,3
3,30368,365117,215
2,30311,173197,235
3,48825,492748,248
1,8448,19851,155
5,12552,197736,277
4,7727,30415,223
1,30223,310367,104
2,37759,156643,267
5,24458,141163,207
2,20573,45831,47
3,3098,468902,89
4,42119,477694,89
2,33528,498021,25
1,18886,250389,265
3,47567,144273,35
5,6701,288924,295
1,44748,310724,55
2,4632,468245,136
2,12983,74354,284
2,20449,431380,165
1,21122,175021,31
4,22744,453836,225
1,9116,450938,233
4,44104,207999,148
3,7646,198155,32
3,43055,188218,211
4,17326,238910,185
3,43093,245204,235
5,17361,147375,95
2,20203,332237,215
2,15796,385941,149
5,4678,274952,27
4,38045,115276,72
4,13955,332259,183
2,306,5781,192
1,9809,364626,53
4,40151,280001,128
4,11995,264181,299
5,7417,179258,293
4,25730,318994,253
1,47369,480835,72
3,33117,42476,248
3,35959,145481,21
2,7042,234311,136
5,47800,348075,197
5,49524,178042,189
3,14972,121388,287
1,43104,332100,153
5,49534,365029,121
1,16275,236781,236
3,40438,143772,73
3,18224,425959,189
5,20037,471861,221
1,30223,398486,17
1,31764,56093,87
2,25033,161287,41
5,5900,253864,4
3,9643,397029,60
3,44837,159327,229
5,10907,83286,225
1,35485,100120,293
2,17809,316620,103
4,26961,479556,25
4,19257,45440,207
3,41678,412627,155
4,42124,258408,260
2,21323,166244,195
5,8060,443722,16
2,22684,333403,4
4,26482,36398,275
3,32481,158945,275
2,30583,101954,41
3,6750,148599,157
3,26893,197287,223
4,21158,371818,207
3,38532,135530,3
4,15224,111847,124
5,24211,324104,200
1,43358,93615,221
2,16736,187947,227
1,390,379072,103
2,49856,61266,105
2,10508,216600,113
1,31356,411690,203
1,15478,390568,257
1,6238,379173,245
2,45643,425516,163
4,18943,371925,276
2,46743,201913,23
2,22177,352344,56
2,12718,198146,269
5,36252,192595,61
4,47975,291790,117
1,40567,328499,220
3,37453,457588,228
4,33752,75842,11
4,36170,388445,81
2,2765,308567,17
3,13694,121364,244
4,2189,337722,249
2,13407,43713,135
4,30416,384840,103
3,26700,293194,177
3,25924,365433,147
1,15110,46330,59
3,32329,66739,176
3,45678,20509,172
3,49197,174657,287
4,24375,347156,131
4,18382,271633,167
4,23517,389066,55
3,31205,70024,95
3,48056,284153,33
1,47783,196033,225
2,48368,105508,232
5,35078,292886,63
2,14808,356935,213
3,3038,65300,145
5,12976,116517,33
3,20682,169192,141
5,39255,261611,281
3,8505,478285,211
3,42976,167808,241
1,31189,121366,295
4,16595,365785,111
1,26332,338274,215
2,32342,159724,107
5,25417,287501,297
3,23753,319655,109
2,35880,137288,203
2,45488,302006,211
1,39528,197622,95
2,2069,128086,13
1,36764,123087,167
5,26379,189231,232
4,33005,269019,61
3,40012,333041,289
4,25039,169335,273
2,48436,369563,223
5,11695,81773,92
3,34312,307002,224
4,13217,499311,123
4,14355,155089,229
5,35249,166234,57
2,37921,391149,180
5,33040,250528,213
3,10675,375912,156
3,21535,82353,248
2,32308,329598,292
3,23560,441718,79
5,12395,65694,189
3,13444,266912,40
1,41105,160627,291
4,48410,122914,292
3,15361,400432,229
3,4254,465525,196
3,20293,491810,93
1,16335,34816,68
5,28915,220738,272
5,44939,169455,215
3,21579,168041,285
3,33407,185257,297
5,26654,129168,81
3,20877,372488,163
2,1675,445993,244
1,25867,109763,147
5,23076,401354,283
3,41923,271793,12
3,34266,15441,271
5,11743,460941,28
4,47515,140541,45
1,27764,334,135
5,3088,415438,221
2,20772,204172,292
1,10927,367048,63
4,32382,461947,32
5,32236,171200,196
3,14768,251308,92
4,32388,7116,101
2,33181,384173,144
2,38052,265259,272
1,7018,189745,288
3,11242,174083,169
4,25331,311003,11
5,49420,421734,59
5,17603,203846,35
1,14743,451376,272
1,41385,444827,207
4,36795,450488,252
3,8748,34788,40
4,43707,45853,201
3,22499,400396,235
4,44278,40759,11
4,10445,394150,51
4,324,71389,201
3,7706,426157,16
4,25388,234248,96
4,1861,484289,297
2,27187,275469,124
5,26926,466608,233
4,17926,18879,219
4,17416,243032,207
3,42588,131389,269
5,32931,180516,15
3,49720,347721,20
1,46584,32935,255
1,10544,384662,228
5,5582,183239,68
5,20809,487691,159
2,12857,309585,257
3,41319,390961,184
4,33854,366527,188
4,43668,439322,133
3,25035,87563,224
5,33945,382999,165
2,19531,387730,289
1,48685,33886,172
2,8324,83281,87
5,17879,370701,281
4,12563,108243,267
2,33134,329438,87
2,1454,181918,269
4,32482,180918,45
2,14218,259368,8
2,44103,169500,299
2,11488,286568,48
3,17925,374727,195
1,43818,210858,165
5,1100,268256,136
4,36126,144425,181
5,31333,465048,244
4,799,138250,25
2,16651,256883,65
5,42122,491565,181
4,27318,219407,155
1,28645,182665,83
5,10062,271760,176
1,15668,446977,148
5,4869,138390,299
2,44062,316284,168
3,5459,122250,175
1,24867,359186,293
2,22661,284907,85
1,25780,449562,204
1,9480,483552,173
3,15501,407563,177
3,10674,66470,113
2,23636,85682,289
3,34875,199123,245
1,11648,260833,232
4,25845,253761,279
1,47339,411648,105
3,26055,273806,67
1,39937,405558,57
5,45960,291005,65
4,9323,68193,25
1,15349,357662,81
1,43472,186779,177
4,8536,69950,131
1,13080,169970,228
2,36446,101240,89
1,46120,181647,232
4,35260,12848,160
1,32116,84603,47
1,30761,117184,247
1,35995,258702,29
4,6375,92084,255
1,11728,57350,176
5,35545,439960,69
2,35742,77499,1
3,33557,276256,141
5,41603,390979,189
1,35523,146782,216
5,32210,465574,240
5,33854,478103,241
3,18303,287809,33
2,40306,351508,253
2,34307,29733,232
3,26398,237339,256
4,36869,359852,219
4,44339,414637,200
3,22601,429562,176
4,8813,151665,297
1,4047,150210,121
2,43115,41273,269
1,15780,413029,297
3,18167,79105,100
2,38006,119722,133
5,29168,197210,144
1,21212,485934,245
4,27369,130189,31
1,43778,408329,272
4,46329,455777,79
5,41530,458959,60
5,17830,393701,43
1,27055,262152,116
2,12633,454735,300
3,30923,169705,23
2,1926,436144,231
3,45763,158748,15
2,2095,402508,48
2,23587,121022,17
2,25014,19556,199
2,14224,18083,289
2,16879,155064,189
3,36694,353829,71
5,49618,187982,45
4,47187,172972,299
2,48041,85423,147
4,24195,352406,184
5,15252,369502,33
5,40002,63828,148
3,36850,408834,67
4,28889,325197,80
4,18266,55392,32
1,27218,372223,148
5,22826,354294,264
1,8990,226306,159
5,18679,62087,205
5,12049,386806,128
4,39802,202138,97
5,18724,336677,121
4,11830,371093,187
4,37033,40411,95
2,29543,477250,192
2,36470,210660,88
3,11562,240340,277
4,28215,30417,120
2,48335,257299,209
4,31067,165986,27
3,9805,349772,43
1,2003,3071,233
1,26622,69390,221
5,11630,337787,140
4,17065,184567,32
4,2996,292709,56
4,38388,2057,19
2,43789,119335,165
5,45687,181393,48
5,15274,21680,199
4,6174,267960,205
5,17646,364574,148
4,45513,246597,24
5,8305,43415,263
4,20478,160808,41
5,41650,397756,237
2,35209,315245,52
1,19130,436871,169
3,19954,41760,140
3,9802,386285,16
5,7871,29759,259
4,16990,217045,281
5,39078,391988,233
4,12958,65477,197
1,30501,265223,285
4,29810,153470,224
3,25576,260408,292
1,31461,495484,57
5,36195,218729,244
2,40561,47487,105
1,36370,343163,283
5,18479,302238,237
1,8347,361403,244
1,18747,54216,180
1,29885,212422,119
4,32899,153544,83
3,11566,112391,181
2,1518,237577,229
4,1322,383870,171
1,46319,106958,119
4,7614,493580,216
1,32766,312054,4
4,35752,26564,163
1,11058,487013,265
1,33593,379396,107
4,21712,22175,103
4,29648,144019,277
1,43470,479893,171
2,39643,439651,264
4,47674,287172,120
3,12990,481117,5
1,8882,353712,115
2,46717,51105,225
1,18851,384828,144
5,45676,322825,4
4,10337,202969,164
3,2783,165492,243
1,33145,93178,40
5,19313,195412,189
4,12762,179189,163
2,35258,155691,45
3,19469,342432,240
1,31228,377509,300
3,11544,384618,137
4,27103,306318,97
2,4586,347268,155
3,1584,202031,28
5,8888,2529,12
3,27841,309167,236
3,9479,55611,296
4,2461,187885,87
5,47973,168942,59
1,33450,203083,212
1,42456,458157,140
3,35421,114136,104
2,40263,70951,1
1,13884,317210,39
3,36663,429088,265
1,993,190135,165
4,7550,187734,180
1,39424,24808,277
5,37897,354622,36
4,31158,448711,109
1,25489,8242,76
3,37539,317256,204
2,21404,203775,80
5,18523,419600,167
2,6492,493909,196
4,28733,332594,279
1,14941,412858,249
5,7186,413713,11
2,18399,201065,139
2,7554,382562,168
2,29244,265274,277
3,18341,415032,65
2,40311,323645,212
2,39349,168669,61
5,44661,44274,160
2,21308,316550,216
4,16605,484601,63
5,20736,410425,192
2,29049,208674,28
2,24456,238518,244
2,41401,306757,221
3,45051,154912,257
3,19142,472055,123
1,23956,64472,15
4,40376,354840,247
5,39106,92034,200
3,46866,339635,271
5,48865,493885,289
5,25648,255579,295
3,4861,251782,3
1,37945,110557,281
5,41254,461010,117
3,34522,190029,31
1,19565,220804,164
4,37148,262751,109
3,35158,271386,5
5,41207,209145,187
4,7264,149684,245
3,33575,280035,133
3,13995,404020,43
2,16689,95732,232
4,30801,171202,284
4,40958,23522,64
5,18436,425349,200
1,47234,34804,87
2,45408,287204,212
3,21974,234974,169
2,49443,106567,92
3,41683,360417,269
2,40594,192190,225
5,25482,367366,269
4,20425,356898,71
3,8925,324179,115
2,16817,412379,73
5,18647,232184,221
4,9593,39343,257
3,38560,75453,47
1,44658,429952,8
3,34369,478742,271
5,39713,2857,277
1,42907,235619,11
4,9291,181715,255
2,45010,399036,300
5,4707,10253,285
4,4983,237599,183
2,42568,82573,25
4,12407,392843,235
5,48375,447347,193
5,15511,105887,107
1,34538,23611,205
1,46685,239314,136
4,13847,219178,261
5,30537,62194,84
5,37711,389502,223
3,45096,305307,92
3,22544,496839,27
3,7810,76830,187
3,16668,78230,135
2,11627,396414,156
4,29022,424633,176
4,39583,288054,21
4,18904,306102,75
3,25756,136789,129
4,11794,81094,207
2,39096,218276,92
1,41783,123200,280
2,49218,336078,133
5,7109,14029,247
3,13786,42499,27
4,42837,193565,227
2,2693,359686,67
3,27348,1920,192
4,29505,385867,21
4,14224,445569,243
2,40921,146070,257
2,43647,372713,92
5,24949,375369,265
5,47393,337438,96
5,33523,113202,245
3,22828,42526,245
1,263,251118,241
4,27842,13162,251
4,24142,98911,83
5,35127,149238,220
5,20551,33407,35
3,45792,203426,239
5,13545,499083,232
5,4799,242940,88
5,40284,57218,256
5,4186,471026,92
1,49851,76423,115
4,10891,302262,32
4,34689,233031,125
1,30575,422038,289
3,34280,25713,12
3,9433,282371,300
5,63,401570,283
4,30055,252573,180
2,18509,230508,272
3,37232,339205,225
4,7505,327031,289
4,19143,362542,175
2,9277,390520,300
4,38489,407377,285
1,19229,454396,281
3,33566,14150,136
4,44186,449637,189
4,32725,428889,53
5,12747,432354,152
2,47448,261128,87
1,47930,69470,101
4,32684,449954,143
2,48891,294319,104
3,632,129686,300
1,14733,429161,81
5,180,354293,103
2,22268,255136,29
2,11082,120915,143
1,43238,393919,125
2,31900,82376,232
5,47888,304038,224
4,21524,498445,68
4,30521,361092,283
5,10509,460595,143
2,10243,182739,19
4,48335,201069,109
3,42751,104100,229
3,21818,56492,32
5,41215,459616,8
2,1736,123389,199
3,19470,394597,252
5,7271,464569,41
2,30127,392909,97
4,45610,315658,217
1,10902,329034,205
3,38551,466753,300
4,38692,284055,164
5,41934,435054,3
4,19786,165872,161
4,30599,330227,143
4,37776,484318,233
3,19105,241665,284
3,46469,172410,41
4,15830,263285,25
5,25698,25746,32
1,25172,131284,195
4,24773,212522,160
3,49237,191470,8
4,18766,411990,171
4,37470,291960,109
4,30528,27816,163
1,41761,150311,181
2,11677,111484,40
1,18493,469528,221
5,33360,400730,17
3,10515,405038,228
1,4037,355297,23
3,171,57507,147
1,45797,344402,148
3,21652,312936,69
2,41657,220896,268
2,44314,76776,25
5,18191,444180,123
3,35417,469147,197
5,32600,340649,243
2,23493,360418,247
2,5303,264240,149
2,26348,204601,268
5,21093,9432,280
4,49066,412092,171
3,46952,341060,201
5,43422,361137,16
1,12518,262378,232
2,26135,57801,175
2,33564,242915,272
3,22643,221534,235
1,45684,28689,293
2,37917,410162,176
3,31246,320437,27
1,26349,25143,95
3,1352,161312,16
5,45285,376192,228
4,33638,490142,181
3,39878,322815,112
2,32983,80124,201
4,48434,283564,76
3,26323,475985,123
5,40631,70165,237
2,45723,405895,281
3,25389,402263,81
2,17044,464167,236
2,15594,171678,229
4,8759,363097,13
2,15837,81559,25
1,33322,149643,281
2,44356,315353,37
2,42631,80642,217
3,35241,206308,225
2,20407,403927,181
5,10287,80247,185
2,18302,468180,12
4,31400,339749,200
4,34518,452195,141
